sent=107175.0 KB rate=41.916104287207624 Mbps
recieved=107175.0 KB rate=38.082425782604695 Mbps
